samples_per_class,discount,num_features,num_selected,lambda,kernel1_size,kernel2_size,num_skip,participant1,participant2,test_acc,n_shots,sim_acc,svm_acc,knn_total_acc,walk,stand,upstairs,type,drink,talk,smoke,eat,sim sit,sim bike,sim jog,sim downstairs,sim write,svm sit,svm bike,svm jog,svm downstairs,svm write,knn sit,knn bike,knn jog,knn downstairs,knn write,len_source,len_target,sim_source,sim_target,svm_source,svm_target,knn_source,knn_target
10,0.1,128,2,0.0001,2,1,1,1,same,0.1,1,0.7003912800447177,0.7003912800447177,0.7003912800447177,0.0,0.15,0.1,0.0,0.5,0.05,0.0,0.0,0.6741196198993852,0.7283398546674119,0.21185019564002236,0.9524874231414198,0.9351593068753493,0.6741196198993852,0.7283398546674119,0.21185019564002236,0.9524874231414198,0.9351593068753493,0.6741196198993852,0.7283398546674119,0.21185019564002236,0.9524874231414198,0.9351593068753493,152,152,0.48026315789473684,0.9736842105263158,0.3618421052631579,0.9802631578947368,0.6842105263157895,0.6776315789473685
10,0.1,128,2,0.0001,2,1,1,1,same,0.1,2,0.7111856823266219,0.6794183445190156,0.8721476510067114,0.0,0.15,0.1,0.0,0.5,0.05,0.0,0.0,0.2829977628635347,0.5234899328859061,0.9429530201342282,0.8461968680089486,0.9602908277404921,0.1784116331096197,0.511744966442953,0.9765100671140939,0.7337807606263982,0.9966442953020134,0.7774049217002237,0.727069351230425,0.9765100671140939,0.9110738255033557,0.9686800894854586,144,144,0.4930555555555556,0.9236111111111112,0.5069444444444444,0.9097222222222222,0.6527777777777778,0.7777777777777778
10,0.1,128,2,0.0001,2,1,1,1,same,0.1,3,0.8052602126468943,0.8210408505875769,0.8836038052602126,0.0,0.15,0.1,0.0,0.5,0.05,0.0,0.0,0.7498601007274762,0.6289871292669278,0.9557918298824846,0.7257974258533856,0.965864577504197,0.7951874650251819,0.676552881925014,0.9815332960268607,0.7084499160604365,0.9434806939003917,0.774482372691662,0.8494683827644096,0.910464465584779,0.9238947957470621,0.9597090095131505,136,136,0.49264705882352944,0.9264705882352942,0.47794117647058826,0.9705882352941176,0.6764705882352942,0.8235294117647058
10,0.1,128,2,0.0001,2,1,1,1,same,0.1,4,0.7938409854423292,0.8262038073908174,0.893505039193729,0.0,0.15,0.1,0.0,0.5,0.05,0.0,0.0,0.7541993281075028,0.6886898096304591,0.9546472564389697,0.6399776035834267,0.9316909294512878,0.8219484882418813,0.8012318029115342,0.973124300111982,0.7010078387458006,0.8337066069428891,0.7821948488241881,0.9316909294512878,0.9036954087346024,0.9076147816349384,0.9423292273236282,128,128,0.4765625,0.921875,0.4453125,0.9765625,0.6640625,0.8828125
10,0.1,128,2,0.0001,2,1,1,1,same,0.1,5,0.7878991596638656,0.7844257703081232,0.8819047619047619,0.0,0.15,0.1,0.0,0.5,0.05,0.0,0.0,0.7316526610644257,0.6554621848739496,0.9708683473389356,0.6952380952380952,0.8862745098039215,0.8112044817927171,0.7187675070028011,0.9742296918767507,0.7955182072829131,0.6224089635854342,0.7831932773109244,0.8801120448179272,0.9036414565826331,0.8862745098039215,0.9563025210084034,120,120,0.4583333333333333,0.9166666666666666,0.475,0.9666666666666667,0.7,0.8833333333333333
10,0.2,128,2,0.0001,2,1,1,1,same,0.11875,1,0.6249301285634432,0.6249301285634432,0.6249301285634432,0.15,0.0,0.0,0.0,0.0,0.05,0.0,0.75,0.8334264952487423,0.6349916154276132,0.8412520961430967,0.325321408608161,0.48965902738960315,0.8334264952487423,0.6349916154276132,0.8412520961430967,0.325321408608161,0.48965902738960315,0.8334264952487423,0.6349916154276132,0.8412520961430967,0.325321408608161,0.48965902738960315,152,152,0.506578947368421,0.9539473684210527,0.3815789473684211,0.9605263157894737,0.7171052631578947,0.756578947368421
10,0.2,128,2,0.0001,2,1,1,1,same,0.11875,2,0.7599552572706935,0.6847874720357942,0.7959731543624161,0.15,0.0,0.0,0.0,0.0,0.05,0.0,0.75,0.772930648769575,0.5682326621923938,0.7874720357941835,0.8803131991051454,0.79082774049217,0.8260626398210291,0.5363534675615212,0.6560402684563759,0.8624161073825504,0.5430648769574944,0.6834451901565995,0.6381431767337807,0.8154362416107382,0.8859060402684564,0.9569351230425056,144,144,0.5208333333333334,0.9444444444444444,0.4513888888888889,0.9375,0.9166666666666666,0.75
10,0.2,128,2,0.0001,2,1,1,1,same,0.11875,3,0.7863458310016788,0.7465025181869054,0.7941801902630107,0.15,0.0,0.0,0.0,0.0,0.05,0.0,0.75,0.7800783435926133,0.6771124790151091,0.7560156687185227,0.9110240626748741,0.8074986010072748,0.8332400671516508,0.5892557358701734,0.8656966983771684,0.9143816452154448,0.5299384443200895,0.7716843872411864,0.6905428091773923,0.7548964745383324,0.8013430330162283,0.9524342473419138,136,136,0.5294117647058824,0.9411764705882353,0.5073529411764706,0.9705882352941176,0.8529411764705882,0.7352941176470589
10,0.2,128,2,0.0001,2,1,1,1,same,0.11875,4,0.7209406494960806,0.758006718924972,0.8553191489361702,0.15,0.0,0.0,0.0,0.0,0.05,0.0,0.75,0.7844344904815229,0.7178051511758119,0.9227323628219485,0.387458006718925,0.7922732362821948,0.8331466965285554,0.6416573348264277,0.9647256438969765,0.8236282194848824,0.526875699888018,0.7866741321388577,0.8493840985442329,0.9697648376259799,0.7754759238521837,0.8952967525195968,128,128,0.5703125,0.9140625,0.5078125,0.9609375,0.8359375,0.7734375
10,0.2,128,2,0.0001,2,1,1,1,same,0.11875,5,0.7457703081232493,0.7847619047619048,0.8581512605042017,0.15,0.0,0.0,0.0,0.0,0.05,0.0,0.75,0.7848739495798319,0.711484593837535,0.9439775910364145,0.5047619047619047,0.7837535014005602,0.8291316526610645,0.7198879551820728,0.9602240896358544,0.8509803921568627,0.5635854341736695,0.7949579831932773,0.8464985994397759,0.9669467787114846,0.7871148459383753,0.8952380952380953,120,120,0.5666666666666667,0.9166666666666666,0.5,0.9833333333333333,0.85,0.7583333333333333
10,0.3,128,2,0.0001,2,1,1,1,same,0.13125,1,0.5809949692565679,0.5809949692565679,0.5809949692565679,0.0,0.05,0.2,0.0,0.0,0.8,0.0,0.0,0.7993292342090553,0.7579653437674678,0.9882615986584684,0.020122973728339856,0.3392956959195081,0.7993292342090553,0.7579653437674678,0.9882615986584684,0.020122973728339856,0.3392956959195081,0.7993292342090553,0.7579653437674678,0.9882615986584684,0.020122973728339856,0.3392956959195081,152,152,0.5131578947368421,0.9802631578947368,0.2894736842105263,1.0,0.5263157894736842,0.8552631578947368
10,0.3,128,2,0.0001,2,1,1,1,same,0.13125,2,0.5691275167785235,0.5052572706935123,0.6013422818791946,0.0,0.05,0.2,0.0,0.0,0.8,0.0,0.0,0.8109619686800895,0.6957494407158836,0.9854586129753915,0.06655480984340045,0.28691275167785235,0.8154362416107382,0.6470917225950783,0.7488814317673378,0.049776286353467564,0.2651006711409396,0.8165548098434005,0.7623042505592841,0.9865771812080537,0.1303131991051454,0.31096196868008946,144,144,0.5486111111111112,0.9305555555555556,0.3958333333333333,1.0,0.5555555555555556,0.7777777777777778
10,0.3,128,2,0.0001,2,1,1,1,same,0.13125,3,0.5974258533855624,0.5240067151650811,0.6847229994404029,0.0,0.05,0.2,0.0,0.0,0.8,0.0,0.0,0.7811975377728035,0.7017347509792949,0.987129266927812,0.09065472859541131,0.4264129826524902,0.8108561835478455,0.6737548964745383,0.7330721880246223,0.11639619473978735,0.2859541130386122,0.7285954113038612,0.7677672076105204,0.987129266927812,0.1460548405148293,0.7940682708449917,136,136,0.5588235294117647,0.9117647058823529,0.4632352941176471,0.9926470588235294,0.6838235294117647,0.7941176470588235
10,0.3,128,2,0.0001,2,1,1,1,same,0.13125,4,0.6453527435610302,0.5946248600223965,0.7894736842105263,0.0,0.05,0.2,0.0,0.0,0.8,0.0,0.0,0.7620380739081747,0.700447928331467,0.9798432250839866,0.24748040313549832,0.5369540873460247,0.8107502799552072,0.6634938409854423,0.8885778275475924,0.3068309070548712,0.303471444568869,0.7575587905935051,0.7642777155655095,0.9837625979843225,0.5660694288913773,0.8756998880179171,128,128,0.515625,0.9609375,0.4921875,1.0,0.7578125,0.7890625
10,0.3,128,2,0.0001,2,1,1,1,same,0.13125,5,0.7387114845938375,0.6784313725490196,0.8562464985994398,0.0,0.05,0.2,0.0,0.0,0.8,0.0,0.0,0.7619047619047619,0.7663865546218488,0.9798319327731092,0.6140056022408964,0.5714285714285714,0.8100840336134454,0.7137254901960784,0.8862745098039215,0.6521008403361345,0.3299719887955182,0.7602240896358543,0.8633053221288516,0.9837535014005602,0.7988795518207283,0.8750700280112045,120,120,0.525,0.95,0.5,0.9916666666666667,0.7833333333333333,0.7916666666666666
10,0.5,128,2,0.0001,2,1,1,1,same,0.1,1,0.8453884851872554,0.8453884851872554,0.8453884851872554,0.0,0.0,0.05,0.0,0.0,0.7,0.05,0.0,0.6495248742314143,0.9150363331470095,0.9737283398546674,0.810508664058133,0.8781442146450531,0.6495248742314143,0.9150363331470095,0.9737283398546674,0.810508664058133,0.8781442146450531,0.6495248742314143,0.9150363331470095,0.9737283398546674,0.810508664058133,0.8781442146450531,152,152,0.5328947368421053,0.9276315789473685,0.1118421052631579,1.0,0.5394736842105263,0.6381578947368421
10,0.5,128,2,0.0001,2,1,1,1,same,0.1,2,0.8843400447427293,0.8536912751677852,0.8680089485458613,0.0,0.0,0.05,0.0,0.0,0.7,0.05,0.0,0.6907158836689038,0.9105145413870246,0.9602908277404921,0.8937360178970917,0.9664429530201343,0.7242729306487695,0.7231543624161074,0.9753914988814317,0.8948545861297539,0.9507829977628636,0.6677852348993288,0.9239373601789709,0.9714765100671141,0.8204697986577181,0.9563758389261745,144,144,0.5069444444444444,0.9861111111111112,0.4375,1.0,0.6388888888888888,0.6805555555555556
10,0.5,128,2,0.0001,2,1,1,1,same,0.1,3,0.7782876329043089,0.7327364297705652,0.8887520984890879,0.0,0.0,0.05,0.0,0.0,0.7,0.05,0.0,0.0604364857302742,0.9317291550083939,0.9731393396754336,0.9356463346390599,0.9904868494683827,0.010632344711807499,0.7548964745383324,0.9759373251259094,0.923335198656967,0.9988808058198098,0.6692781197537773,0.9664241745942921,0.9714605484051483,0.9059876888640179,0.9306099608282037,136,136,0.5220588235294118,0.9852941176470589,0.41911764705882354,0.9926470588235294,0.6911764705882353,0.8014705882352942
10,0.5,128,2,0.0001,2,1,1,1,same,0.1,4,0.873124300111982,0.7349384098544233,0.8884658454647256,0.0,0.0,0.05,0.0,0.0,0.7,0.05,0.0,0.5705487122060471,0.9143337066069429,0.975363941769317,0.9165733482642777,0.9888017917133258,0.06270996640537514,0.738521836506159,0.977043673012318,0.8975363941769317,0.9988801791713325,0.6690929451287794,0.9434490481522956,0.971444568868981,0.8997760358342665,0.9585666293393057,128,128,0.5234375,0.9765625,0.4921875,0.9921875,0.6796875,0.796875
10,0.5,128,2,0.0001,2,1,1,1,same,0.1,5,0.8689075630252101,0.7512605042016807,0.8852661064425771,0.0,0.0,0.05,0.0,0.0,0.7,0.05,0.0,0.630812324929972,0.8257703081232493,0.9775910364145658,0.9310924369747899,0.9792717086834734,0.06050420168067227,0.7826330532212885,0.9815126050420168,0.9322128851540616,0.9994397759103641,0.6969187675070028,0.9434173669467787,0.9831932773109243,0.9008403361344538,0.9019607843137255,120,120,0.5083333333333333,0.9833333333333333,0.4583333333333333,0.9916666666666667,0.6666666666666666,0.85
10,0.6,128,2,0.0001,2,1,1,1,same,0.175,1,0.8254891000558972,0.8254891000558972,0.8254891000558972,0.0,0.0,0.2,0.0,0.2,0.0,0.0,1.0,0.480715483510341,0.8418110676355506,0.9754052543320291,0.8306316377864729,0.9988820570150923,0.480715483510341,0.8418110676355506,0.9754052543320291,0.8306316377864729,0.9988820570150923,0.480715483510341,0.8418110676355506,0.9754052543320291,0.8306316377864729,0.9988820570150923,152,152,0.5526315789473685,0.9342105263157895,0.40131578947368424,1.0,0.5197368421052632,0.756578947368421
10,0.6,128,2,0.0001,2,1,1,1,same,0.175,2,0.9261744966442953,0.8941834451901566,0.8968680089485459,0.0,0.0,0.2,0.0,0.2,0.0,0.0,1.0,0.8338926174496645,0.9038031319910514,0.9720357941834452,0.9614093959731543,0.959731543624161,0.8702460850111857,0.808165548098434,0.9765100671140939,0.959731543624161,0.8562639821029083,0.6577181208053692,0.9507829977628636,0.9731543624161074,0.9278523489932886,0.9748322147651006,144,144,0.5416666666666666,0.9652777777777778,0.4513888888888889,0.9930555555555556,0.7083333333333334,0.8055555555555556
